1559 252229
1919 399283
3009 11918
4599 75438
6248 545954
9826 415192
9826 493296
14012 581539
32377 336067
37676 386137
41114 586630
63185 144311
69312 236877
75731 130687
82449 273909
85534 360490
88887 280265
89511 223055
96259 373720
101784 274856
129993 364923
134684 535452
142430 190711
144840 510523
155242 424897
167634 390923
170233 244810
173407 187446
177124 500732
183242 299188
205107 331066
217676 530501
226267 429442
229891 354135
230474 333518
234828 476912
244870 518047
248280 471910
254408 343809
260931 298362
280112 580723
327629 506190
341246 615721
349883 378538
391167 481607
395066 604897
400674 542261
408175 536983
429247 594519
444737 511627
505880 609282
570544 578847
